00000000000000000000000000000000000000000000000000000000000000
00001000000000000000000000000000000000000000000000000000000000
00000100000000000000000000000000000000000000000000001100000000
00011100000000000000000000000000000000000000000000000100000000
00000000000000000000000000000000000000000000000000000000000000
00000000000000000000000000000000000000000000000000000000000000
00000000000000000000000000000000000000000000000000000000000000
00000000000000000000000000000000000000000000000000000000000000
00000000000000000000000000000000000000000000000111000000000000
00000001110000000000000000000000000000000000000100000000000000
00000000000000000000000000000000000000000000000010000000000000
00000000000000000000000000000000000000000000000000000000000000
00000000000000000000000000000000000000000000000000000000000000